-9 -9 -9
-4.72767 -5.30971 -5.92844
-4.72767 -5.30971 -5.92844
-3.53275 -3.70759 -5.0354
-3.53275 -3.70759 -5.0354
-1.8878 -1.71674 -3.93412
-1.8878 -1.71674 -3.93412
-1.18065 -1.05899 -3.37969
-1.18065 -1.05899 -3.37969
-0.176212 0.0830666 -2.62837
-0.176212 0.0830666 -2.62837
1.06993 2.20439 -1.19475
1.06993 2.20439 -1.19475
2.14071 3.43412 0.170848
2.14071 3.43412 0.170848
3.63596 4.55727 2.02229
3.63596 4.55727 2.02229
4.43858 5.34034 3.2016
4.43858 5.34034 3.2016
5.5454 6.45387 5.05713
5.5454 6.45387 5.05713
6.21792 6.95336 6.0558
6.21792 6.95336 6.0558
8.14581 8.21039 8.85736
8.14581 8.21039 8.85736
