0 2.26345
0 2.64573
0 2.06274
0 2.37835
0 2.23278
0 2.83283
0 2.92133
0 2.5623
0 2.9239
0 2.81605
0 2.81387
0 2.25248
0 2.40918
0 2.70301
0 1.9029
0 21.2493
0 111.65
0 2.79905
0 3.00806
0 2.83695
0 2.83117
0 2.8538
0 2.94824
0 2.84734
0 2.84515
0 2.86634
0 2.81781
0 4.06864
0 2.8141
0 2.9099
0 2.87183
0 2.87735
0 2.88344
0 2.87433
0 2.90971
0 2.88217
0 2.87977
0 2.87621
0 2.97224
0 2.963
0 2.97523
0 2.94071
0 3.40849
0 3.37225
0 3.34584
0 3.08439
0 3.0224
0 3.06597
0 3.03167
0 3.05098
0 3.02431
0 3.03993
0 3.03048
0 3.48541
0 2.89134
0 2.92641
0 2.94977
0 2.98907
0 3.09853
0 2.99083
0 3.00194
0 2.99389
0 2.9771
0 3.01073
0 2.99845
0 2.9846
0 3.06508
0 3.01057
0 3.01896
0 3.0168
0 3.31523
0 3.27657
0 3.27695
0 6.12258
0 6.11389
0 5.74398
0 6.19207
