-9 -9 -9
-4.70403 -5.28316 -5.8988
-4.70403 -5.28316 -5.8988
-3.51509 -3.68905 -5.01023
-3.51509 -3.68905 -5.01023
-1.87836 -1.70816 -3.91445
-1.87836 -1.70816 -3.91445
-0.175331 0.0826513 -2.61523
-0.175331 0.0826513 -2.61523
0.460956 1.23891 -1.98853
0.460956 1.23891 -1.98853
1.37298 3.09717 -0.345331
1.37298 3.09717 -0.345331
2.53975 4.26349 1.75929
2.53975 4.26349 1.75929
3.73915 5.5324 3.53762
3.73915 5.5324 3.53762
5.14538 6.29332 5.10205
5.14538 6.29332 5.10205
6.90951 7.32505 6.91956
6.90951 7.32505 6.91956
8.10508 8.16934 8.81307
8.10508 8.16934 8.81307
