3.46134 6.60948 -3.6805 8.40188 3.94383 7.83099
0.89848 -0.278416 2.21945 3.35223 7.6823 2.77775
6.80569 2.01749 2.27677 3.64784 5.13401 9.5223
-4.77819 -5.05348 6.03395 1.41603 6.06969 0.163006
-7.21091 7.97808 -5.26919 1.56679 4.00944 1.2979
-3.03315 1.59683 0.336951 5.12932 8.39112 6.1264
4.08778 0.274731 4.60873 4.93583 9.72775 2.92517
-2.36033 3.41104 7.19337 4.00229 8.91529 2.83315
-7.99014 -3.23383 2.40597 0.697553 9.49327 5.25995
-5.32663 -0.69839 -8.45772 8.90233 3.48893 0.641713
6.18222 -2.40186 0.436486 2.3828 9.70634 9.02208
2.72516 0.391841 -6.85304 3.75207 7.60249 5.12535
3.45208 -2.3041 2.55039 4.37638 9.31835 9.3081
-4.54282 -0.98585 4.98711 6.39979 3.54049 6.87861
4.6056 -2.49848 3.30598 8.29201 3.30337 2.28968
